# Threshold Analysis Report

**Target Model**: Ensemble (TabNet * 0.9 + LightGBM * 0.1)
**Data Count**: 666,475

| Threshold | F1 Score | Precision | Recall | TP | FP | FN | TN |
| :--- | :--- | :--- | :--- | :--- | :--- | :--- | :--- |
| 0.05 | 0.0365 | 0.0186 | 1.0000 | 12371 | 653540 | 0 | 564 |
| 0.10 | 0.0376 | 0.0192 | 0.9949 | 12308 | 629618 | 63 | 24486 |
| 0.15 | 0.0459 | 0.0235 | 0.9651 | 11939 | 495903 | 432 | 158201 |
| 0.20 | 0.0552 | 0.0285 | 0.9301 | 11506 | 392870 | 865 | 261234 |
| 0.25 | 0.0651 | 0.0338 | 0.8973 | 11101 | 317795 | 1270 | 336309 |
| 0.30 | 0.0753 | 0.0394 | 0.8622 | 10666 | 260362 | 1705 | 393742 |
| 0.35 | 0.0878 | 0.0464 | 0.8230 | 10181 | 209432 | 2190 | 444672 |
| 0.40 | 0.1015 | 0.0543 | 0.7809 | 9660 | 168261 | 2711 | 485843 |
| 0.45 | 0.1161 | 0.0630 | 0.7423 | 9183 | 136667 | 3188 | 517437 |
| 0.50 | 0.1293 | 0.0711 | 0.7100 | 8783 | 114675 | 3588 | 539429 |
| 0.55 | 0.1427 | 0.0798 | 0.6742 | 8341 | 96159 | 4030 | 557945 |
| 0.60 | 0.1589 | 0.0908 | 0.6341 | 7845 | 78510 | 4526 | 575594 |
| 0.65 | 0.1767 | 0.1040 | 0.5861 | 7251 | 62468 | 5120 | 591636 |
| 0.70 | 0.1976 | 0.1216 | 0.5266 | 6514 | 47051 | 5857 | 607053 |
| 0.75 | 0.2214 | 0.1457 | 0.4611 | 5704 | 33446 | 6667 | 620658 |
| 0.80 | 0.2414 | 0.1785 | 0.3729 | 4613 | 21237 | 7758 | 632867 |
| 0.85 | 0.2392 | 0.2324 | 0.2465 | 3049 | 10068 | 9322 | 644036 |
| 0.90 | 0.1119 | 0.3705 | 0.0659 | 815 | 1385 | 11556 | 652719 |
| 0.95 | 0.0000 | 0.0000 | 0.0000 | 0 | 0 | 12371 | 654104 |

**Best F1**: 0.2414 at Threshold **0.80**

### Fine-tuning around 0.80
| Threshold | F1 Score | Precision | Recall |
| :--- | :--- | :--- | :--- |
| 0.76 | 0.2262 | 0.1514 | 0.4465 |
| 0.77 | 0.2297 | 0.1568 | 0.4294 |
| 0.78 | 0.2344 | 0.1636 | 0.4130 |
| 0.79 | 0.2384 | 0.1709 | 0.3938 |
| 0.80 | 0.2414 | 0.1785 | 0.3729 |
| 0.81 | 0.2440 | 0.1872 | 0.3502 |
| 0.82 | 0.2462 | 0.1975 | 0.3270 |
| 0.83 | 0.2464 | 0.2077 | 0.3029 |
| 0.84 | 0.2441 | 0.2190 | 0.2757 |
| 0.85 | 0.2392 | 0.2324 | 0.2465 |
